,0,1,2,3,4,5,6,7,8,9,10
0,384,0.10400923822750703,0.09605180587974127,0.10083752189673982,0.09729715842214903,0.09715998670499704,0.11218087704746522,0.08994730249483691,0.09509470645159916,0.09975720963201956,0.10766419324294504
1,1894,0.09445333000295733,0.10607105306128864,0.11034391919497452,0.13116320437461151,0.09415380012722334,0.07343519659486879,0.10332950791081183,0.10288764064255557,0.10283406124631653,0.08132828684439185
2,1596,0.0987109914818986,0.09773344612564352,0.0896562049995478,0.09991140851714256,0.10354391680344747,0.09738509739360432,0.10696617541612026,0.10542686959386502,0.09760275059363634,0.10306313907509417
3,1780,0.09629857416729956,0.11587138165453885,0.09120625831555973,0.09173019532128053,0.09544638725969452,0.11820120202335367,0.10687179272580263,0.08958678700303173,0.10502040030122303,0.08976702122821588
4,1732,0.10188854553715057,0.09962482430074532,0.10079265358157148,0.0989627515355994,0.10744964566991187,0.09913420309297102,0.09021753802387827,0.0955998962371471,0.10252135493865493,0.10380858708236992
5,1550,0.1045924677732841,0.09327225517883292,0.09715360461011996,0.09379862172707554,0.09756745034178786,0.1013518337506804,0.10185601418410277,0.09751164024636612,0.10068073461986117,0.11221537756788907
6,1202,0.09927206732570892,0.10483621412307302,0.08659072831320314,0.10977780657650348,0.10639245967580836,0.10464424207679518,0.08742558768144006,0.08942767069724501,0.10066256018763704,0.11097066334258564
7,1310,0.10446476849011346,0.1028928715308758,0.10228511889737303,0.10029248054879614,0.09749344471766624,0.0944673789471999,0.09495667591116116,0.0994936638511666,0.09970769709928257,0.1039459000063652
8,1670,0.10504180944444058,0.11804587633711977,0.08992352223117771,0.11446999770425904,0.09369849256374917,0.09421235447008884,0.10453952917972363,0.09402578388809428,0.0876786641185143,0.09836397006283266
9,1144,0.10559559654685936,0.10783122782323312,0.09881206648185008,0.09853765141381957,0.08981809007016367,0.10102425735629574,0.09792900389596526,0.09260015924625556,0.10453904806083156,0.10331289910472603
10,1344,0.10925373896364712,0.10066579488027533,0.0949993106941818,0.10386868518017063,0.0986920217895778,0.09445444783962458,0.09574548907009058,0.09944300695937937,0.1036883257418242,0.09918917888122858
11,266,0.11614659073048653,0.08748026251084319,0.11188539988092862,0.10132960137296566,0.09622079369416003,0.10320314742681808,0.08874071876800531,0.08842503523194234,0.10770434218095752,0.09886410820289246
12,1674,0.10488470811257143,0.10417627672102976,0.10151623708774156,0.09238958023511068,0.09493745324397287,0.10999237782542054,0.0971673972281064,0.09504601364371183,0.09725508555139692,0.10263487035093792
13,734,0.09540884091579163,0.1135156149345212,0.09837131062273574,0.10493001934831624,0.09557295154985586,0.09411113075079336,0.09327470920139436,0.0947391287748172,0.102939820765849,0.1071364731359254
14,4,0.09118844461161396,0.12664218254181556,0.08380980373222077,0.09537165350091033,0.096350711878775,0.08971869230538414,0.11262454728770327,0.09969724302540453,0.09017400783116143,0.11442271328501122
15,1044,0.07958687456369802,0.053348366540534584,0.20760836674942346,0.09311701766821864,0.09597556524903714,0.07517504005581667,0.09707059690967873,0.0921172095321374,0.14662042489017366,0.059380537841281576
16,406,0.08988259840294109,0.08455793257982157,0.12885011209518574,0.13069185967074815,0.08933542038724097,0.0880174637072396,0.08445063932864212,0.09223231018565554,0.12420055642716217,0.08778110721536286
17,888,0.1016799810637174,0.09805015016937832,0.08869241886554037,0.10326269137529168,0.10194534917816483,0.0959181930381606,0.10089927872061394,0.11277299760836068,0.09398142388660252,0.1027975160941696
18,874,0.014669670026786853,0.014670705440629872,0.019370870882199468,0.8599584152746172,0.016269018859476004,0.016010979811916386,0.014924766409388937,0.015703008576142683,0.013302623442013082,0.015119941276829476
19,120,0.11419948566635164,0.10674213927696473,0.09165723308777586,0.09743938765655967,0.10013029980052243,0.10227138349776993,0.09431355348777637,0.10299832429600918,0.09686006430231844,0.0933881289279516
20,1710,0.10166440608428216,0.09581606425762183,0.10529220702634404,0.09540447813638933,0.0979789560874455,0.09684044033571576,0.09511951744988714,0.10292740774293424,0.10271164736023866,0.10624487551914133
21,1688,0.09573561117487343,0.10224767852569776,0.10848152666119501,0.1084481596537137,0.0962471836409212,0.08942396440529345,0.09995767314696892,0.09749954424574833,0.1178360148984928,0.08412264364709543
22,306,0.09567480409047546,0.11236019577986114,0.10103905951134423,0.09038662197499904,0.09276723625461332,0.09314345552033404,0.13279479408131975,0.08940924700897837,0.09809840984590028,0.09432617593217428
23,282,0.1098512114645606,0.10615988152636573,0.10080531447923163,0.09900774633233894,0.11960928266806176,0.0956383490897719,0.09566767999820508,0.08528349772500131,0.09243609370988448,0.09554094300657863
24,360,0.10632601112620638,0.09898707540675523,0.09613238671852936,0.09726243377494366,0.09636726508979708,0.10361351049656356,0.09229338641915387,0.09872428336121586,0.09649389019108397,0.1137997574157509
25,52,0.11145704845395543,0.09609749625752242,0.09238773915042968,0.10035096443155203,0.10177767842984198,0.10327833398133501,0.10028080372271636,0.09800848770256357,0.09549905978934403,0.1008623880807395
26,1608,0.09808362452557816,0.1054091494410278,0.0903780853130646,0.10412765275827376,0.10356788593920796,0.0934022157769439,0.09221659966113653,0.10329666569521333,0.11306180968045534,0.09645631120909856
27,362,0.11849706232850002,0.11630593143866247,0.09427604878884978,0.09360320913538793,0.09421195799354837,0.09871329674620401,0.09783323754808294,0.10587918256950998,0.08758008700938795,0.09309998644186657
28,966,0.09695259498751248,0.0954331791231434,0.09303919864969634,0.11387485345405625,0.10192126566953508,0.09254099552285902,0.09751126120542852,0.10802526532816392,0.09991738670248547,0.10078399935711943
29,1268,0.09971436024991977,0.10108238511946983,0.09429850530173148,0.09877328864332044,0.11820148556036195,0.09467712416498517,0.10173689603381562,0.09473467724743484,0.09762146361977088,0.09915981405919012
30,288,0.09673526704557113,0.11905794847956302,0.07894926107092631,0.09844852820263628,0.09065227389601792,0.11543949530966925,0.10073060230132523,0.1113477756260078,0.10302428149717348,0.08561456657110972
31,1092,0.1401442516217989,0.0698007878031571,0.06414214303383749,0.1396151936516562,0.12781937836779614,0.1018350013101009,0.07637698300127264,0.12058542416743992,0.06449501885936593,0.09518581818357487
32,1294,0.09353211211225808,0.0999374422578438,0.09087830040960118,0.10078096456672372,0.10645452665155004,0.1068492641278815,0.08997792862162353,0.10118186498946137,0.09817852446704417,0.1122290717960126
33,118,0.09914929943627276,0.11241580559876888,0.09335961294705963,0.09563894160627782,0.09911800627027713,0.098149735410083,0.09972455765262396,0.10539824159518202,0.10085280045652607,0.0961929990269285
34,1196,0.1065397366948246,0.10519657669524833,0.09440360295830558,0.10134293433556654,0.10260757431004036,0.09287187998565613,0.10549218439756324,0.09505441696891567,0.0977367821936665,0.09875431146021303
35,738,0.09880288322026544,0.11667852961728485,0.08897645649670742,0.07388488653853524,0.09686121990606386,0.11476652049593887,0.15045296134407002,0.0752526788070166,0.09923010383930897,0.08509375973480866
36,1870,0.09355053525444257,0.09706257208296047,0.10106573480728408,0.10114084731726958,0.09806776395420423,0.09121826717612247,0.09929612446821724,0.0973570427612106,0.10640787982429244,0.11483323235399626
37,958,0.10336856539485403,0.10334182346513343,0.08931639294565236,0.10930091403247123,0.10058184722773204,0.09562868490850472,0.10000451725439456,0.09848189269222576,0.1004118969173832,0.09956346516164856
38,274,0.09711313676090734,0.1000445096147657,0.08914363497618033,0.10169160212222476,0.1205916371476105,0.09825355792215612,0.10032613720503997,0.10174272940449912,0.09067680900232764,0.10041624584428847
39,1288,0.09812798501522084,0.12270103346406153,0.09491082809228216,0.08590567408633977,0.08976535302797592,0.09724200591872942,0.07911355070619958,0.08350500385121615,0.1335172564019026,0.11521130943607208
40,1642,0.11110842845093376,0.09701271912683387,0.10528903294309556,0.09936065682310473,0.09334634497084413,0.09690074855797348,0.0969114565224774,0.10910086916625128,0.09686429452382536,0.09410544891466048
41,1576,0.1012700775741346,0.10587553350289768,0.09501484233215317,0.10178023052838814,0.10771956716010116,0.09644811378947986,0.09400004179306838,0.10170432897547603,0.09719786272681197,0.09898940161748897
42,396,0.10658857419647044,0.09632792273581088,0.0936461576800648,0.0932022193582193,0.09875450525515043,0.10447072178321193,0.10364898781704372,0.1028918733825024,0.09697604386662756,0.10349299392489857
43,1818,0.10280812323120178,0.09944621353467373,0.08678187533480182,0.10184942521807892,0.09741357742945314,0.09515801341569463,0.10207721414787044,0.11463258323564315,0.11384362959557365,0.08598934485700874
44,18,0.10386095222583074,0.09597369456093904,0.09579421258368567,0.10627607556917396,0.10665378484663098,0.0983858859865643,0.0952270972398598,0.1009612150669952,0.10623038182378666,0.09063670009653377
45,1722,0.1039256686706016,0.09838057499599276,0.08226078561436567,0.10953311420491066,0.09941692774813814,0.10080817172513024,0.09426592232007018,0.09606067400007244,0.10424527114817474,0.11110288957254352
46,614,0.10984826608615912,0.08415159949844013,0.08651811970975938,0.10109558570802266,0.10633568326818177,0.09994309859618858,0.138331836442095,0.06889084879938262,0.07671897383234877,0.12816598805942206
47,638,0.1037709179294381,0.10047079772898773,0.08901356195985784,0.09327310680789903,0.09824456584622857,0.10999366396633088,0.1029770420271768,0.10389639602122988,0.10398106846268852,0.09437887925016268
48,426,0.10797462496487784,0.1005444134846652,0.10986168915438196,0.08494317963580961,0.0910448930492466,0.10964798222354104,0.09015832389447548,0.09659139241565133,0.0939048234804962,0.1153286776968547
49,358,0.10238775792780087,0.10758439427012324,0.09237495096884987,0.1019296931187531,0.09255701745295462,0.10648288816644763,0.1034899647286968,0.0940215287963759,0.09635274101603764,0.10281906355396016
50,978,0.1036235701114715,0.08722106197442796,0.09063138792433252,0.0937137503881435,0.10373313850078324,0.09003430371519731,0.10863173238548586,0.11202885294858056,0.10392954186292104,0.10645266018865646
51,1322,0.17440042016126178,0.08062957722294098,0.07391750381858489,0.09857156206152423,0.07871901963924544,0.08060825600593527,0.09452991677217801,0.1256767653741422,0.12157983953710293,0.07136713940708422
52,1616,0.090785622447193,0.12929665363631698,0.07355952974545324,0.08570510259566294,0.1040083882884734,0.08583103763771158,0.11624683596013614,0.1076576621241607,0.08635692415430941,0.1205522434105826
53,148,0.1039941083518526,0.11418928666565835,0.09116175707436737,0.09672292802937313,0.11232863145451667,0.08989387796045807,0.1002647765386433,0.1032103677101664,0.09310715865183213,0.09512710756313196
54,560,0.10459406038965403,0.09753086272776768,0.09506202977818097,0.10646804458126924,0.10645887159951016,0.09453719889580756,0.10106092995221297,0.1009363406196387,0.09859488976702396,0.09475677168893472
55,210,0.11047978685138507,0.10043944056085682,0.09211103823831028,0.09896248817081862,0.09892878056912632,0.0953878811768374,0.09338922792962276,0.10516607606111354,0.09613271586128032,0.10900256458064876
56,642,0.08006615087363057,0.1044166356821572,0.08617648799201827,0.07757702700445405,0.09930330576885313,0.10211718757096093,0.10298167744035668,0.08044407299923688,0.18823795908942606,0.07867949557890626
57,1530,0.09250470300737462,0.1032709939529122,0.076685105115035,0.0967588203223695,0.09742208175860062,0.1156983424078866,0.09447958726348776,0.13100108472434138,0.09792412518423928,0.09425515626375312
58,778,0.1007447241340798,0.09959018460109348,0.10279103354543864,0.1046462498581796,0.09634416427061472,0.1007581966570024,0.0940887390310204,0.09746718102854547,0.10791436439300768,0.09565516248101767
59,580,0.09597372586478098,0.102174461787399,0.12478507522786945,0.0951379447609442,0.09287489453425517,0.09561507525863522,0.10085893116691076,0.09210364465313277,0.09606325829511296,0.10441298845095953
60,366,0.12472514079309767,0.11189796239793497,0.10004259573291588,0.08925175518450826,0.09090887327167152,0.10731273701568744,0.09148518277406023,0.10417517046386676,0.09423930690882762,0.08596127545742968
61,1058,0.11762301283881922,0.09891447627647504,0.1048418601632399,0.09148594988861734,0.09036746003645993,0.1032122760772735,0.09625841821445233,0.09838399293625312,0.09765165298870614,0.10126090057970344
62,1908,0.10947491811043314,0.09526983168742467,0.09787683773973303,0.10089436086184823,0.10212588487259344,0.09985920328430384,0.10242238813790852,0.09359935143026077,0.0976719686977866,0.10080525517770783
63,1654,0.09989514359669556,0.10127771129837893,0.10491827639881213,0.09359487290696536,0.10250326280638984,0.09771608185972287,0.09416788536602293,0.10070503224082117,0.09882626041304013,0.10639547311315124
64,1062,0.09202079737190856,0.0931352920232842,0.0958619778889638,0.10438794254755167,0.10090800234044217,0.1034824783160286,0.10375271403840608,0.10567125316515964,0.11448048275104608,0.0862990595572093
65,698,0.10134258087605484,0.10066018528029436,0.09510793644391118,0.09166292743586768,0.10855160771513588,0.1039112858120988,0.10076600146025504,0.10043959737910957,0.10099116373635396,0.09656671386091864
66,1316,0.10366701945352376,0.09917248512678986,0.10532596363740848,0.09768437942539636,0.09311180129865194,0.1044886772942123,0.10331961455585403,0.10388291469658643,0.09528693124608832,0.09406021326548844
67,652,0.0830895524668002,0.10001548370412862,0.1006700307820195,0.11407317164394815,0.10036938187109436,0.0965965086343756,0.09646435108287718,0.10848162995272308,0.09622153286282424,0.1040183569992092
68,76,0.0944846952680746,0.10408901811846204,0.10433132259695503,0.09106473453662647,0.10055880097040036,0.10687026827687636,0.09627774286795518,0.10033789209127628,0.1165863373913702,0.08539918788200337
69,902,0.107637328300533,0.10317535593835908,0.10008766545469537,0.10349983708594912,0.09437128419642776,0.09893089280781146,0.09967644845751522,0.10613228854998312,0.09442620317958077,0.0920626960291452
70,1918,0.10359901455776392,0.08870689186547244,0.09598035729519899,0.09932894528584812,0.09814514635058012,0.1031058078019582,0.1002443844620484,0.11321381219145665,0.10756566179689292,0.0901099783927802
71,1340,0.10418242000202124,0.09624779595876083,0.08706323116256022,0.10445934017839738,0.0987771361759372,0.10394214665081766,0.10047548206598013,0.09431275279584232,0.11186374584316447,0.0986759491665187
72,8,0.11497513361809915,0.08943095254227264,0.09763377612346948,0.1035584048147264,0.1150601658794458,0.08931004433197212,0.09473408190661327,0.09571255794733996,0.09598441945045576,0.1036004633856054
73,984,0.09606021120854516,0.08542355970877398,0.1164044675395359,0.08446229676128725,0.09509067393631288,0.10010592038174096,0.09373237260352854,0.09301652425768016,0.1416884959200473,0.09401547768254788
74,910,0.1050713996162767,0.09025710493157432,0.09518273323960168,0.09774441365834068,0.0983496560211431,0.10983848631161218,0.0951962818765572,0.09390149848334553,0.11084767515427063,0.10361075070727796
75,798,0.10079035745274516,0.09807139158454638,0.0835076931486444,0.10154468775076488,0.09845976208121687,0.1087955266368686,0.1018088597011117,0.10507088397148713,0.09830182296809167,0.10364901470452308
76,1266,0.10870726705601416,0.09929917299473988,0.08735592491282736,0.0989273361419266,0.10243438093363046,0.11155321354747542,0.09546426537421164,0.09473969813377567,0.10209150603530982,0.09942723487008882
77,1258,0.0823311178604418,0.08490722158544324,0.08589898755983652,0.08679916594234027,0.1150929524803081,0.12021693787054455,0.1071152657951197,0.09627769751160416,0.11220053414862377,0.10916011924573786
78,1346,0.1053517996680072,0.09867892820504777,0.09100971365255486,0.09123995054894278,0.11226307289629717,0.10971696751681106,0.09389440627242196,0.09688832350461073,0.09271152396774847,0.108245313767558
79,606,0.0995296039028188,0.10111437096663628,0.091394539296773,0.09948249792764223,0.10475003785008836,0.09868221768946524,0.09795073837675997,0.10651942689873703,0.1006277036474557,0.0999488634436233
80,608,0.09452557002805494,0.10798425068030276,0.107917655668768,0.10209502027916867,0.09951278517937986,0.09586290386563197,0.09397596982229467,0.1006117892296526,0.0937664872005044,0.1037475680462422
81,190,0.1114825540448756,0.10404566102677217,0.0889556078525964,0.09581165141546366,0.09664060375075187,0.10146615401377518,0.09815121637623668,0.1024291793296625,0.10267906262983413,0.0983383095600318
82,872,0.09840956713928543,0.10771132382905092,0.0942712467813898,0.0999061955821822,0.09583437971367514,0.09970104873480537,0.1002709476527426,0.10103909779889007,0.10083308251116062,0.10202311025681796
83,1396,0.11029414380971422,0.09845780412379876,0.08508859442666689,0.10220286197623638,0.10026495477574532,0.0961706538436215,0.09885183211765154,0.08911531900869779,0.11514608203749682,0.1044077538803708
84,1534,0.09747211250925893,0.10204994714763313,0.09048519057550254,0.10237463689662896,0.1057906763029734,0.10836272053776096,0.10372309371769403,0.09590511672548906,0.09701216199877798,0.096824343588281
85,188,0.09276057796753903,0.10217756786430268,0.09605803365702592,0.10430945192815486,0.101735206180291,0.09104580365822162,0.10775146202569286,0.09340922880206816,0.11501303228159013,0.09573963563511376
86,232,0.0995569650349932,0.09858106780006608,0.09692707689222056,0.1008082285511551,0.10095732769486043,0.09540496222778744,0.09720543781191936,0.10455072086984664,0.1025652150625839,0.10344299805456726
87,258,0.10062605381781367,0.09965095222930262,0.0925815483604961,0.09896654103371677,0.10102951116748923,0.09866977069461934,0.09740446263917918,0.10637362813274534,0.10908972827958534,0.0956078036450524
88,1392,0.10982519297867104,0.11551439286018712,0.08848039149947738,0.09514960272220224,0.08800565280545056,0.10125634272568823,0.10714683082968393,0.10100253825134503,0.09765269027851416,0.09596636504878037
89,1434,0.10626056925064163,0.09835450865248724,0.09337046798322192,0.09610878522424783,0.0980747782014562,0.0969966985103524,0.0994420749692359,0.09631243420539393,0.10954190492808484,0.10553777807487816
90,1358,0.10150982887967687,0.09168125380275616,0.09566028817677356,0.11593314466699403,0.09189959773305384,0.1033664450926285,0.09345290269903814,0.09963581736628334,0.10412113197826524,0.10273958960453032
91,38,0.09097756037824173,0.10180371805685352,0.10787143687328997,0.09611534756205234,0.12123581434805347,0.09220586085874752,0.09119268116892283,0.09456971931123097,0.09239537371368227,0.11163248772892533
92,1812,0.1089752605470166,0.09606865990081813,0.09663906195636864,0.09887929122771123,0.0980537805815103,0.09702273444866827,0.10308389342791732,0.10640204224989444,0.1006923495832619,0.0941829260768332
93,1274,0.0944880866693794,0.10869716357752812,0.0998675017540538,0.09470504025256356,0.10996485032686616,0.09507682592012412,0.09374070597700836,0.0989990891206334,0.08936651257334402,0.11509422382849907
94,1860,0.10030710027338564,0.0974085296722756,0.08391994900208194,0.08469812001401315,0.09023497519602773,0.09016131752879593,0.16720569062873508,0.10237305832872183,0.08042102713481751,0.10327023222114573
95,1224,0.09212325005363048,0.10062431362437267,0.10622641548177966,0.10772691528475094,0.09447927044034447,0.11465297123457573,0.08490073873899835,0.1075434426773808,0.08576568481955035,0.10595699764461644
96,898,0.10451218480246016,0.10021677663277392,0.08762660307814556,0.10280097738078132,0.08934215259253231,0.10936286337014332,0.10051218252337846,0.09791205440798977,0.09782945047885068,0.10988475473294462
97,852,0.10474515630454684,0.09847193664841833,0.10174472952538313,0.10027834753264292,0.09541136318021087,0.10049640104121636,0.10116212494701886,0.10467954150452898,0.10040849894406836,0.09260190037196547
98,1504,0.1134504677501188,0.09081748572903699,0.08612798352415835,0.10264826493750427,0.11608864852759945,0.09169460021254544,0.08653061797148648,0.10230087270877544,0.09689907984286596,0.11344197879590888
99,1944,0.11047093775114533,0.09413586649015993,0.09590394344971052,0.09604913243152742,0.0994886668661503,0.10773142999126503,0.09579309590360226,0.1042935550510218,0.09758951323240612,0.09854385883301137
100,756,0.0988660251206658,0.09630257093746616,0.0888964401203122,0.09516973210350058,0.10230322719086496,0.10078899265023857,0.10528052197925368,0.10291266862640312,0.10065254829760126,0.10882727297369356
101,1090,0.12221505185468153,0.07578520095538083,0.09094037346896712,0.08677552627039077,0.09300965689087766,0.1131550140299744,0.105393583781008,0.0913187228151886,0.1136965135984955,0.10771035633503548
102,1692,0.0925705934944136,0.08950181034932952,0.09266742025585913,0.08366237528346596,0.10502185289342053,0.0994529024486935,0.10140422554440773,0.11788125983686072,0.10216047561854172,0.11567708427500766
103,1960,0.08736699680382788,0.1018274021690101,0.09919926369061488,0.10905062853240692,0.11230875866680183,0.10432152533033782,0.10143800714038327,0.10102491551828413,0.0877867187598204,0.09567578338851294
104,970,0.10258518224634207,0.1078131272884528,0.09811951506853248,0.10655355124723903,0.10002063511629272,0.09144365131042484,0.10043630052453624,0.10280317321242836,0.09439059669284566,0.09583426729290588
105,202,0.10337907316746242,0.10106502097817813,0.10566917730352474,0.11185161172782324,0.08925906557095742,0.09701047089952207,0.09338333049904396,0.10103289552506316,0.10001401483740124,0.09733533949102352
106,1188,0.10530761619338797,0.099357741893541,0.09968096972979754,0.09064955993117164,0.09512697435050728,0.11398153671063395,0.09791204553544212,0.0968850137514312,0.10798760728436316,0.09311093461972417
107,1094,0.10855045350254942,0.08835631864228571,0.10037954424485616,0.09069476350292503,0.1049225443667384,0.10497753415360822,0.09831750385211546,0.089091215611878,0.10372516481888827,0.11098495730415534
108,1118,0.10852882584909042,0.10484463313054312,0.09370923251318992,0.10129935000894713,0.10154785198906684,0.09978729184573454,0.0967229636898796,0.0973151146752546,0.09864577184156118,0.09759896445673262
109,1134,0.10073972679594982,0.09122364093737408,0.09848525440966363,0.09430244937667978,0.10918040580418076,0.10951102696884203,0.11045325097208546,0.08512405941348426,0.1052677201832038,0.0957124651385364
110,328,0.0979766923006924,0.09394716250790452,0.09329564807082327,0.0994749837032116,0.10245611455894693,0.10968220863379834,0.10032728105363363,0.0974227374957509,0.10867960899597187,0.09673756267926666
111,1360,0.09445068085103768,0.10767723283614157,0.08648130638305201,0.11300084936467684,0.10775712740523423,0.09665126641273313,0.08531261534483782,0.11167039459045418,0.08286266170154112,0.11413586511029153
112,800,0.09302023834040468,0.10126282569037368,0.0942330927012443,0.1038822342237064,0.101041280257644,0.10186838730134368,0.09494630657001414,0.09526236613332877,0.10715004039993127,0.10733322838200904
113,1684,0.11054788915194412,0.10527122005772943,0.09158604531587958,0.09164427954973717,0.09373290671238503,0.10525260506430736,0.11393611736903485,0.09712561818112196,0.1010034609676093,0.08989985763025107
114,1082,0.12278688140490865,0.09105396817229618,0.10031368588829154,0.1000158488462662,0.08625668379013407,0.10093850485088468,0.10267985315187657,0.10269391338480607,0.09861407076207886,0.0946465897484572
115,596,0.09526984224859927,0.10701714028801007,0.08757638702060219,0.09966920869180633,0.11362616792978765,0.09688467875068632,0.0948634585022861,0.1042181316652436,0.0966285208308638,0.10424646407211467
116,1648,0.09556861340717866,0.10538230692618304,0.10241158951641666,0.10574252619050796,0.0958457851409778,0.09126255793000328,0.09351018104665666,0.10095365273157278,0.1093031240859402,0.10001966302456304
117,14,0.09931649866201084,0.09100924734502776,0.09018940224465463,0.107132090139862,0.1020119783846068,0.1072354501122786,0.09140851026906367,0.0949580627276299,0.10363548365304047,0.11310327646182546
118,1338,0.110810345036658,0.10629890604656501,0.10180596063569967,0.09725431757397993,0.09548479188342443,0.09502301615303448,0.10388991355879523,0.10038391323589184,0.09618327964558307,0.0928655562303682
119,318,0.10072428814428427,0.09581339769609323,0.12203847773787115,0.09122280692688067,0.0982719330219603,0.10802588448307872,0.09147341723203577,0.10286301479183314,0.10089124571351546,0.08867553425244727
120,228,0.10097595961759563,0.10950499780915547,0.09571723386492934,0.09629368642135257,0.11486046625251825,0.09749790849013418,0.08845283411021007,0.10370035201973184,0.09326965604496984,0.09972690536940278
121,1304,0.08945128593697665,0.10911716252410587,0.11066072240434424,0.12141571432920133,0.10488269832772036,0.0838535031111398,0.09529174383954904,0.10035452701296768,0.10111657229478156,0.08385607021921347
122,758,0.11106987149379673,0.0943594678687784,0.1011943025482882,0.1019403718561692,0.08805118513395363,0.09995711645351717,0.10372257343152126,0.10409096347113277,0.0993043903358336,0.09630975740700903
123,784,0.09928099179960836,0.11064538067318733,0.10537353974267567,0.09646146705578558,0.10890892528250708,0.088862377870846,0.09828555253031973,0.0941759069465384,0.10715944608381736,0.09084641201471454
124,1942,0.10701975696164744,0.09462573530865843,0.08979910716604132,0.11180053125355703,0.10897770961459637,0.09975254666542584,0.10021672680218942,0.10072726036289653,0.09871659409592856,0.08836403176905902
125,292,0.10631268199537304,0.10798894589998584,0.08731370089452269,0.09481151282947872,0.1032056339949785,0.10195609991185896,0.1122641848045023,0.09921186259710436,0.0907157379347202,0.09621963913747546
126,754,0.10928792464768516,0.09655661861266143,0.0957211024546208,0.09973216367673947,0.09825772697451014,0.09913136652312664,0.09038004609500723,0.11225876598712864,0.09815317472223012,0.1005211103062903
127,252,0.10551307779795434,0.11170363765853636,0.09489729475365544,0.09553494670357728,0.09058718498921417,0.08787583614685622,0.09775483012361748,0.10378944825514487,0.10912239521362163,0.10322134835782217
128,1262,0.10641649260592376,0.10493471525321056,0.08323706864012702,0.10172966578443053,0.10770761502840392,0.10465803805215344,0.09703709225184126,0.10142374753784016,0.09644821093299093,0.0964073539130784
129,1020,0.09500486400667076,0.09381837605337567,0.12800266681392314,0.08326937233463433,0.07388916972483567,0.09870238275267934,0.11923905470401032,0.10616685747685137,0.09905006140819557,0.1028571947248238
130,470,0.10168612035698904,0.0992541328204568,0.11519537277018638,0.09763697917427576,0.10122000516838094,0.0995904877744347,0.0979470806387524,0.09699614797513137,0.09759395962660712,0.09287971369478534
131,1142,0.11050978051127153,0.0919512577322796,0.10853044690647824,0.1002485653336653,0.1167975411293895,0.08699838942236877,0.099193112643503,0.08860543215114036,0.10541952750553256,0.09174594666437116
132,174,0.009297324750984135,0.009690775006192164,0.0151638753767192,0.017576343126405262,0.120028306073719,0.15086822087697466,0.5223924147995136,0.005422736636526145,0.1404337525654833,0.009126250787482608
133,1424,0.10000071189646148,0.09088906626085116,0.1046725728259559,0.10983513541800112,0.10319490138386987,0.09799174509465294,0.0939682727769112,0.09846444680369998,0.10567454043379848,0.09530860710579782
134,1100,0.11070824574856457,0.1124999402950828,0.08372526002756021,0.09623537092753197,0.10286541563749588,0.10141762689226383,0.09794594504442652,0.090675237671913,0.09748474871564572,0.1064422090395154
135,1518,0.1020379315954964,0.11437956711289232,0.09317828955955926,0.09605986399733256,0.0948888268338558,0.10173411215383868,0.09836176905155594,0.1038031807598524,0.0985657317098624,0.09699072722575426
136,682,0.0954674393079477,0.1334009578780982,0.08152065498114926,0.09392715682943832,0.1007560935057714,0.0943350997179218,0.11100529659386277,0.0929164086415468,0.09298118447521372,0.10368970806904998
137,1826,0.0999395162415014,0.09007215834454667,0.10071243824327702,0.09642590364036507,0.09431554534106966,0.10662709130038328,0.10798369887981392,0.10219905584430268,0.10616615208394277,0.0955584400807976
138,1682,0.10388953225964613,0.10480884944304014,0.10276019488351576,0.09719431679545107,0.0969861131767204,0.096807565499671,0.09284161824243208,0.1064374176304148,0.09700207157203417,0.1012723204970744
139,1602,0.11216609298929656,0.08751276888329818,0.09405986863596157,0.0952808877506566,0.09238668079708133,0.11262875394592732,0.09856906635612746,0.10184552463057206,0.09133298833414706,0.11421736767693196
140,400,0.0961303591613772,0.13157644785825512,0.0741272193870469,0.0968169971294109,0.0953969663578237,0.13540319309067106,0.09500558377809123,0.08939464551132535,0.08929099234343761,0.09685759538256104
141,334,0.01288254943482028,0.6016773637813714,0.011774046084419496,0.013415251671743436,0.017886462109713418,0.018919762719953798,0.19222226907695944,0.01635889198007183,0.011086083530540606,0.1037773196104064
142,1200,0.060908143935674515,0.05696829688618129,0.06053338223028691,0.04759931080244239,0.10725178704262142,0.0481874383072288,0.08599781064939481,0.3903147011001379,0.054209397217191535,0.08802973182884047
143,890,0.0977110508861988,0.10232725572140937,0.09972118656913932,0.11134902784233497,0.10424268288574297,0.09299868992561304,0.09259946634270708,0.09898918081597992,0.1106187651302886,0.08944269388058583
144,1624,0.09093426607448003,0.09962210905965674,0.09270283986165992,0.10021157417399812,0.10944756772279786,0.09888511701974764,0.12998724684482307,0.08669030792630808,0.0866033290428813,0.10491564227364733
145,662,0.10924351475993606,0.09902478141954556,0.09010041139754664,0.10579759246493277,0.10673217818251624,0.08567943858659999,0.0855297627910811,0.10552905002582134,0.10544890746885258,0.10691436290316794
146,1498,0.09943461318604603,0.09158913926136812,0.09023057015492596,0.09300751904824688,0.10338234820882336,0.09491228311628144,0.12307104744131862,0.0954493334505211,0.11733608721733,0.09158705891513837
147,312,0.10834459590360544,0.09921238266466444,0.09540285062676752,0.09573221131667388,0.11150943048148873,0.10035891821230336,0.09136002717434093,0.10585806491471103,0.0959112738189536,0.09631024488649116
148,1888,0.10246985024887502,0.09545777055976837,0.0860568484535955,0.09817745924790128,0.10134728095892537,0.1049281505203206,0.0875406791173172,0.1000213267072261,0.09938452367449224,0.12461611051157845
149,936,0.10491413405818888,0.10055426533768352,0.09397178476785767,0.1011936881407728,0.09816057396152823,0.09555345539020013,0.0991818910404797,0.1065752280285534,0.1070595133179833,0.09283546595675236
150,158,0.09666715038812876,0.1047463530573788,0.10112130555247197,0.0976410133995288,0.094696761377974,0.10186371662670053,0.10034900321650778,0.09908158304528306,0.09841603772587344,0.10541707561015297
151,750,0.08377707246665199,0.10983899437709548,0.0984301904118488,0.09310917131519383,0.08739872203404946,0.11721288085218699,0.09541751660233416,0.09074358839333628,0.12113118963471838,0.10294067391258456
152,64,0.11375902270979554,0.10137088662419204,0.0930684776666386,0.10729835350133296,0.09666457482992194,0.09511730087510407,0.09015579179785732,0.09957685906086247,0.10208513288031633,0.10090360005397857
153,1884,0.1022875424483326,0.11518831984362342,0.08880076550703543,0.09880113635875598,0.09325951800597544,0.10158181450942567,0.10308911196141043,0.10560119160389793,0.09842220848470427,0.09296839127683873
154,640,0.0984969323439734,0.0866828867445743,0.11093472129638038,0.09516078574011076,0.1217538461887584,0.10792329661765017,0.09657381298629343,0.09693481135591037,0.08789615688173819,0.09764274984461056
155,508,0.10393266910515613,0.11744856175849705,0.0930714254724408,0.10601383623213796,0.09803947147470912,0.08340455026544058,0.08101732066177929,0.11166219881890667,0.11317390881154582,0.0922360573993867
156,714,0.10334183432366184,0.10232649389930816,0.08853165748535045,0.10264926666155516,0.10064316050021882,0.10681725050419501,0.09347969763129436,0.0971697188468241,0.10068232257497743,0.10435859757261468
157,1914,0.08612007907487848,0.10348559639877923,0.10464386019320734,0.1296028518462483,0.09254451532508584,0.09110368114880904,0.0829706508565216,0.11230977891785962,0.0999444912464977,0.09727449499211294
158,1248,0.09572252462816293,0.11473890603765045,0.11007780502387493,0.10151245912280082,0.09816149380101688,0.10766934055631487,0.09108126920745824,0.09647312306534372,0.09145213652375676,0.0931109420336204
159,1938,0.09702406051164177,0.08810959628745113,0.11630438308755392,0.09324714816803903,0.10668426943480183,0.1078801339117566,0.08401614775983655,0.09175369343527308,0.10786540646896853,0.10711516093467756
160,1318,0.08722589740399174,0.10099403264003323,0.09381380465938956,0.1320044009629286,0.10131691269869293,0.08689575949519965,0.09335144935605892,0.09855604516026008,0.09864108103218368,0.10720061659126158
161,1600,0.10388949341742038,0.09763757022047616,0.08770359902263483,0.10006284645213608,0.10583262435533808,0.10343830783827564,0.10336494741134598,0.1028130183741618,0.10067567319471643,0.09458191971349453
162,1934,0.10066791762250624,0.1022143350892594,0.08829016747948441,0.10308955095255047,0.0993208989377099,0.10047196070780076,0.10519686662678114,0.10613394507558443,0.0929078382322202,0.10170651927610316
163,630,0.1035296967416019,0.0992881034515742,0.08662599196605769,0.0991472689799638,0.10666792721015064,0.10739567183439064,0.09787749384235674,0.09399354591437706,0.10364362978196506,0.10183067027756236
164,322,0.10165481823042967,0.0962176401276761,0.10030955307659213,0.09761328737826663,0.09575295214609476,0.09165491258382087,0.10005138339960297,0.10843636079409168,0.10116430555895484,0.10714478670447028
165,1078,0.12047299730740238,0.0853706257405889,0.08686813738093431,0.10367990694694056,0.10533451007706857,0.09109019303593703,0.10198223736194152,0.09652010431190636,0.10228329759498324,0.10639799024229718
166,760,0.12103571039530435,0.09771241942885138,0.09251025524747417,0.08584981090038687,0.09205054152683592,0.1236990262015228,0.0779602737227937,0.11993683953217217,0.11288216698255517,0.07636295606210336
167,1814,0.10985474624209364,0.0975591035962067,0.09851614212926477,0.0931487078432889,0.09137817132980998,0.1046917765759606,0.11367006391575712,0.10340612281907773,0.09374576409201033,0.09402940145653024
168,1776,0.10566696139003963,0.09521704882168554,0.11200520131616416,0.10113696225891122,0.09917147209318043,0.09649520993298397,0.09449205542048028,0.1023043396133631,0.10717551936169263,0.08633522979149913
169,270,0.10619702685283396,0.09632854989678162,0.09815528917941298,0.10471532490876848,0.096447772510246,0.09865767245412384,0.09263374329652432,0.1046818997820398,0.098675926567934,0.10350679455133496
170,998,0.0915095610550249,0.1136364336080795,0.09899942688067402,0.09896822828559534,0.09766936674318108,0.09637399820069123,0.09895350970588247,0.08822648723550898,0.0920834608006366,0.12357952748472588
171,90,0.095111197097472,0.109704896607619,0.08262036298997094,0.09587924798071208,0.10733457252417747,0.10046070853695964,0.10993613997700816,0.10299374540460317,0.09723622109787454,0.09872290778360301
172,1114,0.12064609162400307,0.09626310946730504,0.10648871067087304,0.08915044466049762,0.09987144987403404,0.1072477713884827,0.094008079611813,0.10086116133379736,0.10033910286687954,0.08512407850231432
173,1542,0.09669193546198276,0.0981188289619362,0.09639716408829173,0.1313499770684639,0.09746501938577908,0.09594330068341073,0.09645111448721497,0.10140379438450488,0.08966864614931871,0.09651021932909708
174,1440,0.09788341043313058,0.103308572700763,0.10690004932832747,0.09432291841037252,0.1008946923600304,0.09926901198779567,0.10082493167483976,0.1026529883880962,0.1036960399630402,0.09024738475360417
175,142,0.09699072999686574,0.09640396457135972,0.1044278721647466,0.10319070930091652,0.10099417565916066,0.10046268198728504,0.09246829473671384,0.10478316954693538,0.0948944247339511,0.10538397730206522
176,250,0.11523409864227704,0.09835056248990873,0.0918718375109973,0.09858909600661477,0.09407772985843202,0.1068186748321682,0.0985629318600918,0.10353796119768516,0.09676770271078944,0.09618940489103564
177,308,0.11746572789054005,0.07818476528048265,0.10069299993261993,0.0932978898553426,0.10009282111869797,0.11704525492162801,0.07508987526910521,0.09550776069444404,0.10661215222295607,0.1160107528141836
178,1138,0.0822943092269021,0.08966781658349726,0.12259010119644853,0.10048394143394247,0.11123364559223496,0.08402796816520999,0.1174247357872706,0.09374615262614668,0.12096539167548122,0.07756593771286613
179,1764,0.10157661218813224,0.08702821924886397,0.07602166941981116,0.07704879269080045,0.10268872365239523,0.10348091197921758,0.13386609846620814,0.0874040848421738,0.11881314240512415,0.1120717451072731
180,1256,0.10992218469652894,0.09736476599053352,0.08758646032071807,0.094719849871643,0.08669878182176897,0.10731585720701796,0.09468003918237647,0.10983865574934387,0.11326363724653712,0.09860976791353193
181,1236,0.10314085449689392,0.08807339079709013,0.10459495430932478,0.11071398787875844,0.11083909325911016,0.08964938673541352,0.08938754145604765,0.1004156591744287,0.08664199805904148,0.11654313383389105
182,392,0.10745824862630428,0.09536356668914596,0.08304867237706641,0.10064538006265453,0.0985094165311262,0.10566600006311436,0.10288238293729028,0.11464882472421155,0.09628249081336716,0.09549501717571936
183,478,0.10278487786325494,0.10674508894786992,0.08608718837640536,0.1044374706271168,0.0958995981227484,0.10956359057673716,0.09493308925913048,0.09500100925260813,0.10827999875108657,0.0962680882230422
184,386,0.10924313714346838,0.10283281670131222,0.08400497006722875,0.09851735993982493,0.0966669210436517,0.11527941657972618,0.10844676058751157,0.09125031571772296,0.09474062629079212,0.09901767592876112
185,1260,0.09987994665427834,0.09775061854146376,0.09064689791170674,0.10444051370638076,0.09551774663999656,0.09874677841248178,0.09370974954085534,0.11571180188065056,0.10414127169788866,0.0994546750142975
186,180,0.1038031264226406,0.10423059670825498,0.08851042579042122,0.1033193229007459,0.09664012460061186,0.09723359295298048,0.10346685905187072,0.10650048992984068,0.09657085759380994,0.09972460404882356
187,1162,0.10176379977808782,0.09707244433750352,0.09354677449599537,0.10303512733710196,0.10669702862903824,0.0960808586588001,0.09604442790873187,0.10217529121211648,0.09890325681977756,0.10468099082284714
188,576,0.056453975072382624,0.061246164995993675,0.24950440795200346,0.06041551170705633,0.1052321675672688,0.07484509280614256,0.048358739013944566,0.2297975230362119,0.0667826260288757,0.04736379182012048
189,1910,0.11099102777534677,0.09419665085615303,0.08705204328765567,0.0909415478221645,0.09494217030322097,0.10603865285694436,0.0904427058743038,0.08816854376052101,0.10362191062705292,0.13360474683663684
190,962,0.10325068963549172,0.09878005498514356,0.09497722474024103,0.09598180617884647,0.10599774043793367,0.09886165248984667,0.09477543479096104,0.09282757248806632,0.10186923674695912,0.11267858750651034
191,1010,0.1533156216180288,0.0812675659165167,0.1053405964590378,0.06691772618165362,0.12368280346473645,0.09830977228016048,0.0928744172118254,0.09744489641131472,0.09332852838629374,0.08751807207043229
192,884,0.11088480587974132,0.10147610925512096,0.09284904794244428,0.09639352739769667,0.1024801057003594,0.10086767146596996,0.09441426742359643,0.102625349972206,0.0990087541375608,0.09900036082530418
193,1198,0.08996114806019995,0.08877798627308958,0.0916784587962538,0.08974850185591242,0.10489613269159301,0.09333721197759914,0.1205940500460876,0.12344580404320035,0.08815349187062425,0.10940721438543988
