9,0.106371893,0.099095538,0.094991609,0.099035831,0.111032198,0.095265988,0.096894259,0.100369823,0.097439688,0.099503173
10,0.1021959,0.100181999,0.09102044,0.100997028,0.100857542,0.09419549,0.102521485,0.114209188,0.096095696,0.097725232
21,0.099181136,0.120115345,0.108021879,0.089058321,0.095075663,0.095633467,0.097693125,0.094259691,0.100169837,0.100791535
23,0.097812482,0.109836128,0.087839772,0.099390545,0.109407853,0.088207895,0.103940418,0.105599224,0.099559115,0.098406568
24,0.091188445,0.126642183,0.083809804,0.095371654,0.096350712,0.089718692,0.112624547,0.099697243,0.090174008,0.114422713
25,0.114284672,0.10303465,0.106673635,0.101073182,0.092440728,0.090315895,0.09369038,0.100713511,0.098971116,0.098802231
26,0.105411553,0.107426234,0.093384738,0.089378366,0.098336846,0.104383688,0.097099919,0.102883195,0.106358948,0.095336513
27,0.080409288,0.095842979,0.084703102,0.113555878,0.110722708,0.082084653,0.093833831,0.117361811,0.134228435,0.087257316
28,0.114975134,0.089430953,0.097633776,0.103558405,0.115060166,0.089310044,0.094734082,0.095712558,0.095984419,0.103600463
29,0.101742131,0.096201516,0.099170766,0.097771512,0.104592753,0.104494551,0.089531893,0.107059963,0.10771892,0.091715995
30,0.118772122,0.096188748,0.100483346,0.0957686,0.09827942,0.094553544,0.0926797,0.103632021,0.102306397,0.097336101
33,0.110958755,0.099800825,0.114775823,0.101263103,0.101971009,0.090441402,0.094353969,0.096967996,0.102917669,0.086549448
37,0.092212625,0.108631698,0.105676345,0.093910862,0.103813812,0.100286792,0.091123326,0.093854972,0.108922837,0.10156673
40,0.098289612,0.109069088,0.078257804,0.107743219,0.09627371,0.095759069,0.093730004,0.099649114,0.099870387,0.121357993
42,0.099316499,0.091009247,0.090189402,0.10713209,0.102011978,0.10723545,0.09140851,0.094958063,0.103635484,0.113103276
43,0.102967302,0.103358198,0.0989616,0.106287017,0.089069629,0.099001917,0.102202464,0.08627052,0.098748281,0.113133072
44,0.085875489,0.095799823,0.093589104,0.141433604,0.093447063,0.087046001,0.106977562,0.119803855,0.097084926,0.078942571
45,0.110882615,0.105368416,0.100795975,0.097426706,0.103109537,0.099977679,0.090269732,0.111806367,0.091667147,0.088695826
46,0.103860952,0.095973695,0.095794213,0.106276076,0.106653785,0.098385886,0.095227097,0.100961215,0.106230382,0.0906367
47,0.107541666,0.107136399,0.094093378,0.09958608,0.094829275,0.096405219,0.093933735,0.104408485,0.101196726,0.100869038
51,0.124429781,0.085951613,0.095920918,0.101507402,0.096304808,0.113391397,0.097176896,0.107934711,0.08385572,0.093526754
53,0.093405373,0.064617889,0.059882816,0.074425801,0.110261972,0.07992025,0.046700806,0.063665589,0.148589014,0.25853049
57,0.098125085,0.088624997,0.111033605,0.091661161,0.102339706,0.088273782,0.102989295,0.097505873,0.133587878,0.085858617
58,0.111833195,0.106719076,0.095314802,0.099652751,0.098062834,0.100486161,0.099099719,0.096415202,0.098056757,0.094359503
60,0.097124079,0.091595383,0.098040571,0.103068566,0.104203104,0.106708495,0.098990245,0.1035386,0.096718057,0.100012901
62,0.112805629,0.095229589,0.092861743,0.0968374,0.096979637,0.099360797,0.090197336,0.117833575,0.107395565,0.090498729
64,0.087825574,0.097530606,0.098611104,0.094107549,0.105215436,0.098719693,0.115122391,0.098743433,0.098383474,0.105740741
70,0.096097936,0.083531575,0.10059434,0.090123453,0.142335609,0.092924269,0.110111325,0.091071668,0.094142282,0.099067544
72,0.094772991,0.109180294,0.087861946,0.099877136,0.117800463,0.097115805,0.09128276,0.111833048,0.099910142,0.090365415
73,0.089887807,0.098026068,0.093329897,0.117901561,0.101761574,0.098279845,0.086697204,0.106799494,0.111060989,0.09625556
74,0.104208533,0.099268138,0.094453581,0.105497968,0.10027358,0.104851948,0.093145705,0.094513028,0.102438442,0.101349076
78,0.101987569,0.101381307,0.093467382,0.09945499,0.100533654,0.0957298,0.095254002,0.108567244,0.107652249,0.095971803
82,0.104322416,0.094560505,0.093717496,0.131245837,0.09824077,0.098075133,0.092554672,0.092211981,0.097577753,0.097493436
83,0.097133211,0.097837494,0.091810876,0.098673085,0.110817643,0.112706441,0.092506823,0.093414304,0.098708251,0.106391874
84,0.094714948,0.101899025,0.094865771,0.094266783,0.107639617,0.101060625,0.098714992,0.09254853,0.110306526,0.103983183
85,0.098852797,0.101098245,0.084901984,0.105145414,0.098197494,0.104449343,0.096618519,0.094159294,0.102587914,0.113988996
87,0.099855105,0.107944558,0.097652789,0.095375038,0.102959814,0.093820464,0.099557055,0.102863467,0.10139403,0.098577681
90,0.112761728,0.096229505,0.087558852,0.101383408,0.107906329,0.101968377,0.1002295,0.102622418,0.098462478,0.090877405
91,0.09097756,0.101803718,0.107871437,0.096115348,0.121235814,0.092205861,0.091192681,0.094569719,0.092395374,0.111632488
92,0.112405362,0.077601398,0.088570739,0.087974437,0.088990144,0.10128135,0.081701471,0.078063682,0.216909189,0.066502228
93,0.10241057,0.096831914,0.101000557,0.100197908,0.108658243,0.099070066,0.102056632,0.092657476,0.095494499,0.101622135
95,0.078789895,0.087332181,0.05788563,0.078251643,0.066574835,0.063884402,0.116068957,0.064764623,0.06501063,0.321437204
96,0.095105316,0.093617395,0.100018703,0.13164092,0.103218739,0.09125749,0.093680238,0.096585722,0.099461889,0.095413588
97,0.087910278,0.093342378,0.093317155,0.092042912,0.109614363,0.108873341,0.10106012,0.121722498,0.093221975,0.09889498
101,0.106966506,0.111973175,0.090390976,0.09866167,0.097601199,0.10546971,0.093863299,0.093274624,0.09604101,0.105757833
106,0.110936811,0.098568974,0.098013909,0.111716975,0.133209905,0.084304645,0.086187821,0.074642737,0.100660203,0.10175802
111,0.108734892,0.118919367,0.094727191,0.106799465,0.094412436,0.093358027,0.089559439,0.095770182,0.096334767,0.101384235
112,0.102806728,0.104858365,0.093620531,0.098309427,0.09850343,0.103744596,0.093822579,0.107173029,0.097075523,0.100085793
120,0.096203737,0.114942417,0.100541437,0.099367019,0.096220625,0.104000963,0.097563767,0.097790933,0.088341618,0.105027484
121,0.094631666,0.102232105,0.112466017,0.099501399,0.100701941,0.100871172,0.100181461,0.095046967,0.104301277,0.090065994
122,0.086942538,0.104962601,0.08398488,0.119626667,0.100561498,0.107472672,0.089510381,0.124051095,0.093490701,0.089396967
126,0.101523226,0.105281059,0.101484756,0.106855711,0.104691761,0.09859928,0.100891156,0.097507697,0.09207954,0.091085813
131,0.111457048,0.096097496,0.092387739,0.100350964,0.101777678,0.103278334,0.100280804,0.098008488,0.09549906,0.100862388
132,0.111133312,0.081820959,0.105156324,0.104185948,0.094536566,0.099972991,0.093882067,0.091112811,0.097153004,0.121046017
133,0.107531284,0.096228251,0.093876484,0.09818961,0.099485391,0.101900616,0.099818689,0.098974466,0.102410692,0.101584516
135,0.093938352,0.104842529,0.098960311,0.097748356,0.102340557,0.101415574,0.098437219,0.10152898,0.098904639,0.101883482
139,0.105773379,0.093411311,0.099007585,0.101184154,0.100753283,0.105244467,0.096691342,0.095892859,0.097699647,0.104341973
140,0.094096762,0.106034666,0.093672765,0.100077955,0.10890183,0.103882073,0.096191516,0.099479428,0.101008684,0.096654322
153,0.094644594,0.101905954,0.106891309,0.096812993,0.103011548,0.094433217,0.100844072,0.098482363,0.115093328,0.087880622
154,0.089354309,0.103062267,0.089375493,0.102510765,0.106668464,0.113285488,0.084297025,0.108461242,0.105948846,0.097036101
156,0.100330492,0.107583473,0.096168098,0.099509566,0.120681278,0.089446246,0.103274988,0.105665721,0.085760081,0.091580056
157,0.125244127,0.077835098,0.108171128,0.111629648,0.106764581,0.106061209,0.078643942,0.092485953,0.0968722,0.096292113
158,0.110169836,0.099740188,0.096689167,0.104899188,0.092741938,0.092475068,0.104753236,0.096906687,0.095738423,0.105886268
160,0.099121744,0.102279672,0.105130523,0.092652057,0.105482191,0.096902159,0.091263621,0.10175432,0.097014481,0.108399233
161,0.113759023,0.101370887,0.093068478,0.107298354,0.096664575,0.095117301,0.090155792,0.099576859,0.102085133,0.1009036
162,0.098542688,0.107087588,0.099740583,0.101856354,0.099714155,0.094266423,0.094346787,0.10410147,0.096305527,0.104038426
163,0.105300789,0.102312876,0.094718875,0.102209922,0.098735972,0.094779414,0.100475009,0.102561821,0.099609897,0.099295424
164,0.128215476,0.097188187,0.088534703,0.095578853,0.096678332,0.095897899,0.093189611,0.105036522,0.103054453,0.096625965
165,0.103963474,0.103811897,0.10012171,0.098404771,0.104802955,0.097170259,0.093393294,0.112175994,0.102696297,0.083459348
166,0.092670654,0.176612636,0.084076189,0.089974529,0.0838189,0.087688875,0.086616789,0.090458557,0.100966534,0.107116338
170,0.091719695,0.103427983,0.100134192,0.090693876,0.106523195,0.097929748,0.115150026,0.094528017,0.104844661,0.095048607
171,0.081697232,0.122099418,0.099374642,0.103407251,0.130791728,0.089182564,0.119525389,0.061647877,0.093127267,0.099146631
173,0.117602263,0.102034584,0.092664892,0.092107716,0.08425258,0.100402065,0.118976269,0.107939621,0.088777586,0.095242423
174,0.109106506,0.10166779,0.097995264,0.102280507,0.09173845,0.098741593,0.103947616,0.102210782,0.102071345,0.090240147
179,0.083313658,0.104803754,0.104662139,0.09752945,0.116774543,0.090724478,0.094835131,0.105440268,0.120844485,0.081072093
182,0.098936099,0.091032139,0.096219256,0.104674281,0.097799118,0.09864393,0.102668098,0.099510319,0.106687353,0.103829407
183,0.094484695,0.104089018,0.104331323,0.091064735,0.100558801,0.106870268,0.096277743,0.100337892,0.116586337,0.085399188
185,0.174450753,0.083580825,0.098072672,0.07660375,0.112825572,0.106973848,0.088706173,0.125325947,0.066024036,0.067436425
187,0.054203192,0.088384273,0.104223939,0.103709463,0.072363424,0.07561099,0.096838379,0.064000132,0.288627117,0.052039091
188,0.125170917,0.093180753,0.09483389,0.094538768,0.101945887,0.087155735,0.119665392,0.102455578,0.1001053,0.080947779
190,0.099500763,0.105548723,0.084605466,0.105224716,0.097620784,0.096629789,0.094160822,0.111070645,0.09840496,0.107233332
193,0.103220931,0.104392259,0.073919524,0.114074041,0.119361074,0.084587683,0.087401379,0.123441784,0.08529257,0.104308755
194,0.09058216,0.09165316,0.087898463,0.099618335,0.109179476,0.110527004,0.108011547,0.096151616,0.105501733,0.100876506
195,0.100462651,0.101145793,0.102082388,0.095713703,0.096716005,0.103301555,0.096646318,0.09988184,0.104366067,0.09968368
197,0.10641358,0.108944851,0.083934847,0.104661526,0.082671147,0.099346328,0.095412945,0.109122057,0.098788184,0.110704535
198,0.099127438,0.094944708,0.08831715,0.109857977,0.101191383,0.099251229,0.098420557,0.101062019,0.101786388,0.106041151
200,0.105868327,0.106109445,0.101370199,0.089363927,0.105894436,0.093648234,0.095509402,0.091299445,0.104076166,0.106860419
201,0.095234451,0.102282733,0.097359491,0.098793623,0.098338709,0.092520006,0.094797515,0.099707941,0.102422857,0.118542675
202,0.103320734,0.094375151,0.097215353,0.108783923,0.101550859,0.097661551,0.095997493,0.101216539,0.102629168,0.097249231
203,0.101555586,0.100866272,0.09199112,0.099587125,0.102337333,0.107232109,0.103938182,0.093203658,0.09726789,0.102020725
204,0.095111197,0.109704897,0.082620363,0.095879248,0.107334573,0.100460709,0.10993614,0.102993745,0.097236221,0.098722908
206,0.088907957,0.105632861,0.085155926,0.147781444,0.095692353,0.095673012,0.101666713,0.09523596,0.085449495,0.09880428
207,0.103086264,0.10365907,0.104909448,0.102303254,0.090393677,0.095238886,0.09811658,0.107318134,0.097823961,0.097150725
208,0.103284039,0.10174533,0.099478621,0.105833081,0.095959646,0.097141405,0.09579325,0.105930502,0.100324265,0.09450986
210,0.103965047,0.099090849,0.104439496,0.098193922,0.099738141,0.106722126,0.09743847,0.099351611,0.095884681,0.095175657
212,0.093050286,0.092274726,0.075696578,0.198390844,0.077741649,0.070315411,0.091024533,0.102516449,0.091297718,0.107691805
213,0.116584939,0.099236974,0.087903343,0.095415934,0.107452712,0.101129616,0.08390782,0.101589254,0.102497167,0.104282241
214,0.097480633,0.096474754,0.099326273,0.082462023,0.09384645,0.128302429,0.109651255,0.095337932,0.101644904,0.095473348
216,0.101777197,0.09653635,0.101775892,0.09930069,0.099992364,0.097903702,0.097678283,0.103806197,0.100951906,0.100277418
217,0.100351407,0.116570892,0.100667624,0.083712681,0.09916238,0.092259246,0.109639409,0.086288823,0.111416623,0.099930913
219,0.102541583,0.097633769,0.102356976,0.094726526,0.106989014,0.094051195,0.095581065,0.10711192,0.102184892,0.09682306
220,0.100072188,0.104096603,0.092642756,0.116840253,0.097654152,0.100601537,0.091027812,0.099029023,0.100684043,0.097351633
221,0.098087575,0.096261321,0.101829233,0.096867887,0.100548772,0.103971724,0.103878771,0.096527854,0.100613559,0.101413304
222,0.100073371,0.103949152,0.098706779,0.096033792,0.108945119,0.097632577,0.096865556,0.101808116,0.104979116,0.091006421
226,0.116348554,0.098771792,0.097537412,0.10271374,0.10740225,0.093695776,0.089552892,0.099391552,0.095713913,0.098872119
229,0.103983106,0.099185569,0.107257975,0.094925638,0.096757783,0.094240855,0.108276634,0.097478824,0.107021264,0.090872351
230,0.102676854,0.099905073,0.094347914,0.101198872,0.098947433,0.09985568,0.100077689,0.094722769,0.102062647,0.106205069
232,0.099968192,0.106071575,0.098926573,0.100416279,0.105077998,0.095210721,0.095718844,0.102050408,0.108523674,0.088035735
233,0.105756573,0.105508299,0.09841372,0.096012604,0.100407029,0.096499568,0.104736936,0.09283892,0.095056664,0.104769686
236,0.102934617,0.098940511,0.09677039,0.100532902,0.099752127,0.100498608,0.100946105,0.094098183,0.110518617,0.095007939
237,0.105307943,0.099679226,0.107440203,0.093489207,0.099050785,0.099761898,0.094601996,0.10249018,0.108419275,0.089759288
238,0.090392647,0.105851436,0.089019448,0.111417536,0.098757225,0.100057454,0.106658046,0.088995797,0.108093279,0.100757131
241,0.096019771,0.150883748,0.130917507,0.083300544,0.083809156,0.083506464,0.103352506,0.080801741,0.087490753,0.099917809
242,0.098920253,0.106480394,0.09640287,0.095830378,0.105661965,0.104598132,0.094117856,0.097637871,0.098822247,0.101528033
243,0.099317174,0.097006313,0.100456805,0.102593541,0.098711977,0.092753579,0.098375961,0.110669026,0.105616213,0.094499412
244,0.11090403,0.099112106,0.095685534,0.099613308,0.100124622,0.100411874,0.098588172,0.100516139,0.10168512,0.093359095
245,0.098218285,0.093153279,0.097438491,0.102286337,0.11508667,0.109428927,0.09585911,0.09800573,0.095391797,0.095131374
246,0.094772465,0.104916024,0.098756988,0.09780243,0.107292268,0.088600896,0.105251564,0.095801234,0.117325409,0.089480722
247,0.099149299,0.112415806,0.093359613,0.095638942,0.099118006,0.098149735,0.099724558,0.105398242,0.1008528,0.096192999
248,0.09054357,0.104206479,0.096999421,0.106281993,0.11525331,0.103287541,0.098724049,0.089199604,0.089296954,0.106207079
249,0.114199486,0.106742139,0.091657233,0.097439388,0.1001303,0.102271383,0.094313553,0.102998324,0.096860064,0.093388129
250,0.105470888,0.096124723,0.103098393,0.102911855,0.096391879,0.097968509,0.090260947,0.102059831,0.106098246,0.099614729
251,0.077528986,0.098129565,0.112433556,0.094367441,0.097802607,0.095268302,0.098964819,0.106005595,0.123586213,0.095912915
254,0.05125272,0.070275211,0.136629788,0.087221567,0.103353384,0.109045145,0.080826607,0.085882339,0.172100585,0.103412655
255,0.096993869,0.100995111,0.095816063,0.101633732,0.107612528,0.089445891,0.092555502,0.109161441,0.104566323,0.10121954
256,0.102453447,0.101804563,0.102109051,0.095263696,0.093403298,0.10570113,0.100572064,0.101090751,0.096786602,0.100815397
257,0.087953535,0.100171134,0.092130864,0.086408206,0.111185829,0.088651925,0.119683628,0.114942418,0.12225893,0.07661353
258,0.085887154,0.090511532,0.106255016,0.085095094,0.098907298,0.09797198,0.105567916,0.102150688,0.130545322,0.097108
259,0.100903599,0.097737338,0.10309756,0.094272546,0.105717429,0.106915918,0.097956152,0.091572405,0.107472143,0.094354911
260,0.103904432,0.096933706,0.093412993,0.099247674,0.095747136,0.105730836,0.098698186,0.100364628,0.103854764,0.102105645
261,0.103591537,0.094666347,0.092403814,0.106946321,0.109323813,0.104905873,0.095953158,0.096684162,0.102037343,0.093487632
263,0.097005984,0.090940856,0.118066584,0.092180908,0.092648318,0.108345423,0.082658789,0.091942833,0.097268518,0.128941788
264,0.088545525,0.09916689,0.136303595,0.091703999,0.098863946,0.095526653,0.097440301,0.095687353,0.099920595,0.096841143
268,0.104130812,0.095838043,0.108109383,0.096483703,0.091879174,0.100907249,0.10535161,0.092275943,0.098956893,0.10606719
269,0.092236901,0.099050375,0.093907918,0.11875137,0.103191783,0.09580304,0.089557577,0.085171685,0.115391434,0.106937917
270,0.100575369,0.10528155,0.097634206,0.096200451,0.099621283,0.097836333,0.100812449,0.103975055,0.096366874,0.10169643
271,0.101414118,0.088352649,0.109102394,0.090399638,0.098980839,0.10899725,0.112361129,0.095833592,0.100921388,0.093637003
272,0.107581406,0.100936831,0.097276422,0.099679854,0.095331815,0.10104303,0.095367674,0.099392985,0.105789908,0.097600075
273,0.098056768,0.086486958,0.112555035,0.099096585,0.099068894,0.104837834,0.078951825,0.102481272,0.109787071,0.108677758
274,0.092327824,0.10803683,0.094845072,0.101942463,0.103899744,0.103558843,0.098525461,0.094950405,0.109566686,0.09234667
275,0.106301455,0.091474489,0.111464203,0.089230727,0.10638989,0.091486146,0.103794726,0.094183132,0.118979774,0.086695459
276,0.099834206,0.100736197,0.097990337,0.099696996,0.109406216,0.091761617,0.102532424,0.092453678,0.099632985,0.105955343
277,0.09699073,0.096403965,0.104427872,0.103190709,0.100994176,0.100462682,0.092468295,0.10478317,0.094894425,0.105383977
278,0.103274708,0.089636462,0.102604333,0.112373657,0.097621495,0.099677581,0.10050239,0.103432593,0.093379972,0.09749681
279,0.097795244,0.089282666,0.094649242,0.102785432,0.10228833,0.104770347,0.09759609,0.101526041,0.105743057,0.10356355
282,0.112650693,0.091204951,0.093837439,0.115083926,0.099224517,0.102065525,0.111406657,0.090551304,0.08923523,0.094739759
284,0.108089356,0.095713736,0.09607113,0.098624472,0.099441768,0.097030046,0.091226627,0.102824213,0.106424675,0.104553978
285,0.107113782,0.097997955,0.086838802,0.094903911,0.106306239,0.095890602,0.118862416,0.087020128,0.106488064,0.098578102
286,0.103994108,0.114189287,0.091161757,0.096722928,0.112328631,0.089893878,0.100264777,0.103210368,0.093107159,0.095127108
287,0.102516401,0.09482859,0.099660457,0.10048757,0.107960027,0.096822003,0.099287684,0.093352933,0.101526941,0.103557395
288,0.107099286,0.098442159,0.093883218,0.108943546,0.101740909,0.098102753,0.100540761,0.093815601,0.095559748,0.10187202
290,0.100047744,0.096755763,0.096949674,0.10677979,0.104931516,0.09201771,0.097506404,0.095374061,0.098148848,0.111488488
291,0.114188453,0.095368482,0.094427242,0.104208063,0.102672466,0.100763784,0.1076381,0.089500206,0.092443894,0.098789311
292,0.13566502,0.089659554,0.083179319,0.117861535,0.089489624,0.09740069,0.112715451,0.088245252,0.085548874,0.10023468
293,0.117098095,0.069675677,0.086149451,0.198279622,0.146963277,0.069228185,0.070257142,0.048385415,0.110305537,0.083657598
294,0.08097472,0.106439599,0.082203996,0.097070512,0.133720961,0.115173978,0.113550253,0.080520789,0.093252498,0.097092695
295,0.103577919,0.095855869,0.089448027,0.100292491,0.101346047,0.102724899,0.1001855,0.099822862,0.102493625,0.104252762
296,0.094210236,0.097995512,0.091212361,0.103935902,0.094620033,0.094482697,0.108086836,0.097155914,0.093756803,0.124543706
297,0.09666715,0.104746353,0.101121306,0.097641013,0.094696761,0.101863717,0.100349003,0.099081583,0.098416038,0.105417076
298,0.102299438,0.070295336,0.077799151,0.092427215,0.081852518,0.179693042,0.129668069,0.09356265,0.077897501,0.09450508
300,0.078463972,0.115520657,0.093683777,0.123363293,0.101097125,0.089963855,0.086434341,0.09597394,0.085407711,0.130091329
301,0.097710167,0.097551047,0.101740045,0.10684074,0.108423584,0.094553457,0.102366352,0.08775844,0.101456971,0.101599198
302,0.102197706,0.100320429,0.119717559,0.097181871,0.095093125,0.093863799,0.099817668,0.092759238,0.095287041,0.103761563
303,0.116702527,0.076572328,0.102482553,0.090548417,0.103408215,0.112674086,0.08357677,0.088691004,0.105055318,0.120288781
306,0.103935979,0.105078219,0.095888662,0.09599601,0.095657603,0.101790493,0.10126051,0.109421243,0.097682386,0.093288895
308,0.104455434,0.099907018,0.100151895,0.101493614,0.102814615,0.101857276,0.094665911,0.099257456,0.102546656,0.092850124
309,0.107796677,0.097131001,0.095227927,0.096864962,0.087027968,0.102643724,0.101550364,0.108234801,0.107292439,0.096230138
311,0.091195407,0.102367238,0.085079435,0.102444802,0.103245181,0.08906089,0.107319426,0.089011938,0.101421429,0.128854254
312,0.098388528,0.104567989,0.093945792,0.100213826,0.102746444,0.093515994,0.095403611,0.097571862,0.112477908,0.101168045
314,0.110381354,0.102862745,0.107394234,0.102546182,0.103748919,0.100730535,0.084359085,0.095502634,0.095309687,0.097164625
316,0.098526899,0.106634654,0.111951763,0.095131767,0.089645524,0.097326041,0.101834973,0.101641913,0.10211844,0.095188026
317,0.142262098,0.138981143,0.077726268,0.082373933,0.085204771,0.088888345,0.108267811,0.105893961,0.08593381,0.084467861
318,0.112354016,0.093569086,0.106539632,0.100986878,0.094759218,0.108559324,0.087756541,0.10352761,0.095109862,0.096837834
320,0.097767573,0.098550143,0.101919632,0.087103067,0.102063423,0.092651171,0.109392072,0.098738904,0.120480296,0.091333718
325,0.009297325,0.009690775,0.015163875,0.017576343,0.120028306,0.150868221,0.522392415,0.005422737,0.140433753,0.009126251
327,0.115664139,0.098867424,0.094803912,0.093703626,0.08695311,0.097545507,0.09210501,0.097854163,0.114728729,0.107774379
328,0.101211574,0.102434193,0.100072516,0.097379762,0.08856077,0.109112323,0.095765795,0.09188116,0.090521255,0.123060652
330,0.092160993,0.097690764,0.095286436,0.09441261,0.094346191,0.099638332,0.092980049,0.111704142,0.105521776,0.116258707
331,0.090755352,0.103385079,0.087991923,0.109685567,0.113431745,0.083253382,0.104626099,0.099158139,0.113002413,0.094710301
332,0.098097064,0.100338651,0.089698499,0.114014645,0.102427297,0.097241552,0.094695542,0.094066579,0.100151311,0.109268861
335,0.103803126,0.104230597,0.088510426,0.103319323,0.096640125,0.097233593,0.103466859,0.10650049,0.096570858,0.099724604
336,0.088132339,0.085942791,0.104979834,0.097338643,0.091865345,0.111982005,0.091606967,0.09204963,0.11145966,0.124642787
337,0.117272529,0.111235108,0.088082572,0.100039118,0.081862571,0.111558267,0.072471651,0.134536218,0.080852202,0.102089764
338,0.107748672,0.087150116,0.073832521,0.082056777,0.106188724,0.087900094,0.070375371,0.084066335,0.115536341,0.18514505
339,0.092775122,0.107654119,0.093855907,0.104705179,0.108192634,0.092212675,0.096010638,0.103833078,0.100118456,0.100642193
340,0.106536679,0.107225943,0.09699019,0.100097722,0.097059925,0.095764029,0.098912316,0.103776978,0.102314026,0.091322193
341,0.105407197,0.10621233,0.10777958,0.094627868,0.099996802,0.104397876,0.088767149,0.095377041,0.094229129,0.103205028
343,0.105999924,0.100708764,0.094988386,0.103169167,0.101253338,0.102806504,0.097210853,0.093532177,0.09965797,0.100672918
345,0.092760578,0.102177568,0.096058034,0.104309452,0.101735206,0.091045804,0.107751462,0.093409229,0.115013032,0.095739636
346,0.100814083,0.105902141,0.092362143,0.096506423,0.094892987,0.102142952,0.094357937,0.111859643,0.108633878,0.092527813
347,0.111482554,0.104045661,0.088955608,0.095811651,0.096640604,0.101466154,0.098151216,0.102429179,0.102679063,0.09833831
348,0.09617829,0.107142344,0.097073738,0.09431508,0.107017392,0.106096782,0.098817809,0.101064794,0.103931939,0.088361832
349,0.097948418,0.104039237,0.091042924,0.09924786,0.10512209,0.096102005,0.102487962,0.103274236,0.101987697,0.09874757
351,0.090896219,0.104681915,0.079817909,0.115587295,0.137361725,0.078761545,0.099413224,0.084880069,0.099794908,0.108805189
355,0.099419628,0.101079236,0.087719583,0.121860378,0.102165155,0.10349475,0.097189303,0.096818189,0.09089052,0.09936326
357,0.103704171,0.094247066,0.094546852,0.096873222,0.105390723,0.1058498,0.098485056,0.101232792,0.106985478,0.092684841
358,0.08861982,0.073766496,0.154679958,0.127689106,0.08659876,0.087099738,0.068243915,0.072937561,0.157895507,0.08246914
359,0.054962685,0.087014016,0.09023049,0.054113557,0.088193937,0.081409497,0.120069735,0.097345204,0.243300642,0.083360237
360,0.1073888,0.097764108,0.098336235,0.100660063,0.097088378,0.098832743,0.098541939,0.101648222,0.101465755,0.098273758
362,0.104983465,0.10290079,0.095003621,0.09542736,0.097882533,0.101606829,0.098791281,0.096853791,0.10170425,0.10484608
363,0.083464522,0.073852961,0.131655154,0.097925912,0.087712036,0.122943602,0.131285916,0.088529988,0.101014869,0.08161504
364,0.099165194,0.099185638,0.094392068,0.095762571,0.092374858,0.110641418,0.096214025,0.10053847,0.103246403,0.108479356
365,0.103379073,0.101065021,0.105669177,0.111851612,0.089259066,0.097010471,0.09338333,0.101032896,0.100014015,0.097335339
366,0.110748787,0.092631717,0.094101404,0.101775022,0.110847376,0.094724732,0.098886403,0.09903621,0.098349938,0.098898411
368,0.06383637,0.108249908,0.103748282,0.072981829,0.07564392,0.183993833,0.111239327,0.073599559,0.136838846,0.069868127
372,0.066462481,0.106669149,0.083708503,0.084088272,0.160778822,0.121578566,0.11909414,0.063173658,0.091066668,0.103379741
373,0.09944659,0.108163808,0.102867565,0.097391775,0.098299365,0.088970759,0.096276887,0.100396668,0.099581545,0.108605038
374,0.103328712,0.104577472,0.076242374,0.112783663,0.10384831,0.108528624,0.083907566,0.093466899,0.10015772,0.11315866
377,0.105900856,0.095047136,0.096364206,0.093063174,0.102664285,0.090729457,0.100328321,0.103193475,0.110899888,0.101809201
379,0.141578339,0.10104005,0.115148626,0.121081191,0.089434604,0.115599421,0.075252471,0.076507561,0.074291424,0.090066313
380,0.110479787,0.100439441,0.092111038,0.098962488,0.098928781,0.095387881,0.093389228,0.105166076,0.096132716,0.109002565
381,0.09238072,0.109210067,0.089463923,0.097874158,0.108014942,0.109785996,0.094573089,0.088408748,0.102101687,0.108186669
386,0.097659119,0.114351428,0.087350857,0.093850498,0.092348075,0.100808518,0.107026216,0.104542791,0.099698837,0.102363661
388,0.086332485,0.097890842,0.111314505,0.086646637,0.095642183,0.107838813,0.115575373,0.093154056,0.101349151,0.104255954
389,0.095180173,0.097220195,0.096531607,0.104049323,0.105445655,0.102281944,0.101476812,0.097511175,0.099487175,0.100815943
390,0.100000972,0.104721609,0.096580257,0.107428555,0.100402064,0.097846318,0.09164535,0.094571973,0.098922235,0.107880668
391,0.112987316,0.102000824,0.091858627,0.09352422,0.094046588,0.100100676,0.10226123,0.105725697,0.10232919,0.095165633
393,0.099485583,0.098069387,0.117609693,0.096459792,0.098441392,0.091582821,0.097341931,0.102240309,0.094312442,0.104456649
394,0.097614852,0.101388057,0.095217607,0.095282974,0.097292323,0.101648207,0.104007677,0.106324049,0.099614252,0.101610001
395,0.101860974,0.104715302,0.092218528,0.099644507,0.102676956,0.10975725,0.097182891,0.096990442,0.101523565,0.093429584
396,0.098027188,0.106936881,0.100831729,0.097754543,0.097654117,0.10094233,0.10158421,0.107238593,0.094416937,0.094613472
397,0.123383614,0.093437368,0.093611084,0.089279584,0.101625661,0.10451725,0.09902918,0.102000943,0.093255712,0.099859603
399,0.104728452,0.096979537,0.085529468,0.108930342,0.102628006,0.099155306,0.09286329,0.101867465,0.099057368,0.108260765
400,0.104200547,0.104461623,0.099471653,0.102851562,0.097672949,0.106897179,0.101735169,0.096793317,0.099049793,0.086866209
401,0.120661469,0.103226735,0.091600449,0.090992671,0.093716836,0.095573377,0.094192776,0.091572547,0.108871404,0.109591737
402,0.101765993,0.094919988,0.105242606,0.093791827,0.104388819,0.09666772,0.103966094,0.092812272,0.104672889,0.101771792
404,0.103366271,0.116240423,0.090465494,0.10021906,0.100270619,0.092888255,0.101095795,0.09766344,0.094411247,0.103379397
405,0.101125315,0.10499941,0.083789964,0.101388409,0.100750447,0.106248095,0.095918452,0.087818385,0.102174554,0.115786971
407,0.10097596,0.109504998,0.095717234,0.096293686,0.114860466,0.097497908,0.088452834,0.103700352,0.093269656,0.099726905
408,0.132574806,0.079683371,0.088437338,0.08581566,0.120582866,0.089615069,0.108873942,0.08776856,0.113906126,0.092742263
409,0.085440975,0.101633198,0.093689084,0.13057212,0.099121635,0.092455184,0.09421301,0.121306218,0.091266705,0.090301871
413,0.103255505,0.09760142,0.097551957,0.096711184,0.101399927,0.095317406,0.102578366,0.105184351,0.107791708,0.092608176
414,0.099556965,0.098581068,0.096927077,0.100808229,0.100957328,0.095404962,0.097205438,0.104550721,0.102565215,0.103442998
415,0.092088891,0.108364697,0.099129662,0.091091673,0.092109262,0.106735628,0.089455981,0.091758812,0.105951313,0.123314081
416,0.096815093,0.117603161,0.086292302,0.11051866,0.089708176,0.104423256,0.095582799,0.096413273,0.107735245,0.094908034
417,0.118196961,0.099030249,0.089725532,0.123426522,0.095720151,0.091656286,0.091891608,0.092614798,0.100258744,0.09747915
419,0.116374144,0.096319438,0.097337122,0.095794238,0.098824265,0.095206442,0.100425632,0.10707195,0.095762641,0.096884128
420,0.135313626,0.093474022,0.095734559,0.098657938,0.096425792,0.112150018,0.093290781,0.10684699,0.088230332,0.079875944
425,0.112037751,0.11106992,0.092660903,0.094133937,0.095973901,0.098629089,0.103540417,0.098309128,0.100487719,0.093157235
426,0.109031967,0.100332941,0.106821961,0.094986902,0.095840551,0.096112198,0.097254648,0.100409775,0.109612078,0.089596979
428,0.086730229,0.066104622,0.139399366,0.160309704,0.055250948,0.077645108,0.057925829,0.247392568,0.059596641,0.049644986
429,0.096910842,0.105930831,0.088375775,0.109463811,0.089305646,0.097676443,0.104425727,0.093411742,0.10687081,0.107628373
431,0.080292717,0.109387825,0.076054261,0.069439273,0.076251425,0.125491772,0.171852399,0.118693944,0.090742015,0.081794369
432,0.093984338,0.090122934,0.090105948,0.112426701,0.108793795,0.098332274,0.095307298,0.102043023,0.103126103,0.105757586
433,0.084040487,0.099327941,0.175666302,0.111190954,0.070186046,0.093658494,0.079205734,0.124244991,0.082586383,0.079892667
434,0.090226864,0.10962136,0.117730428,0.095069556,0.114175225,0.088521822,0.08920004,0.097199474,0.099896345,0.098358885
436,0.095562281,0.095757436,0.093129044,0.09987223,0.095408295,0.096919282,0.100608774,0.11295264,0.108500687,0.10128933
439,0.104755108,0.07891216,0.128731443,0.085696819,0.107742028,0.094034978,0.083877512,0.100302124,0.108825446,0.107122383
440,0.105084928,0.10291131,0.094789922,0.102960693,0.095047272,0.098096509,0.104835477,0.099444515,0.096696993,0.100132381
442,0.108191534,0.096472521,0.08896469,0.11186785,0.094404889,0.110199038,0.085587695,0.097566901,0.097702066,0.109042816
443,0.115234099,0.098350562,0.091871838,0.098589096,0.09407773,0.106818675,0.098562932,0.103537961,0.096767703,0.096189405
444,0.096861337,0.095007625,0.102458566,0.106008469,0.103005681,0.102007448,0.09028049,0.096867966,0.09959374,0.10790868
445,0.105513078,0.111703638,0.094897295,0.095534947,0.090587185,0.087875836,0.09775483,0.103789448,0.109122395,0.103221348
446,0.095162899,0.124123637,0.096889147,0.093628765,0.111723427,0.085397435,0.105133422,0.084426067,0.113848696,0.089666506
448,0.09834978,0.110128465,0.097556943,0.097161726,0.099475108,0.091418959,0.101232925,0.093727648,0.10955679,0.101391654
449,0.096835781,0.154411155,0.070187936,0.099623546,0.109144606,0.105039237,0.082511593,0.103394947,0.095679396,0.083171804
450,0.120669349,0.110423497,0.095552279,0.088203011,0.091067821,0.079185353,0.097717528,0.104981586,0.102140463,0.110059113
452,0.088412931,0.089607436,0.104309785,0.104599752,0.124492843,0.10350057,0.08488008,0.103902569,0.092573769,0.103720266
456,0.100626054,0.099650952,0.092581548,0.098966541,0.101029511,0.098669771,0.097404463,0.106373628,0.109089728,0.095607804
457,0.099050314,0.104401755,0.092259261,0.108898662,0.098616669,0.096337656,0.099376145,0.101191288,0.103780007,0.096088243
459,0.094909746,0.113429068,0.087953279,0.098831184,0.099510371,0.098270986,0.098325044,0.112564426,0.088714627,0.107491269
460,0.096385231,0.10326762,0.098909627,0.103331166,0.102992432,0.096467742,0.09842387,0.10175092,0.100450979,0.098020411
462,0.120321122,0.096605128,0.104612333,0.097404465,0.093052174,0.106281742,0.096535625,0.095643573,0.096180064,0.093363775
463,0.078621363,0.074089474,0.247407484,0.076891482,0.098244478,0.09444141,0.08657494,0.077222592,0.088046604,0.078460173
464,0.116442791,0.097563437,0.090393703,0.106273523,0.096797285,0.093306305,0.098029524,0.103543587,0.112170951,0.085478893
465,0.099271275,0.102554697,0.099437666,0.100212326,0.122764177,0.097477561,0.095014114,0.095607201,0.098418471,0.089242512
469,0.116146591,0.087480263,0.1118854,0.101329601,0.096220794,0.103203147,0.088740719,0.088425035,0.107704342,0.098864108
470,0.091450941,0.100203534,0.091978786,0.106173272,0.098207398,0.108814416,0.105861507,0.106543835,0.095335812,0.095430498
471,0.11347198,0.105981388,0.093631341,0.101016648,0.097125417,0.099368223,0.096855221,0.103127545,0.092721145,0.09670109
475,0.099226793,0.105092803,0.0949535,0.097774148,0.098282253,0.106447075,0.101905838,0.098610464,0.103926359,0.093780766
478,0.106197027,0.09632855,0.098155289,0.104715325,0.096447773,0.098657672,0.092633743,0.1046819,0.098675927,0.103506795
480,0.112252456,0.106247906,0.094623293,0.095028863,0.103112511,0.094986498,0.098317753,0.11407393,0.090653227,0.090703563
481,0.059107877,0.228420254,0.053893644,0.066360419,0.063188814,0.199409366,0.088602982,0.085153142,0.098491021,0.057372481
482,0.082954595,0.083135661,0.081344665,0.096350823,0.119121582,0.117301113,0.118216704,0.098068181,0.095886461,0.107620215
483,0.097113137,0.10004451,0.089143635,0.101691602,0.120591637,0.098253558,0.100326137,0.101742729,0.090676809,0.100416246
484,0.089810963,0.098249593,0.098565337,0.105892904,0.099543708,0.103995508,0.101799191,0.118482508,0.079142375,0.104517913
485,0.101181688,0.09990382,0.094837075,0.107731376,0.102799107,0.0986489,0.092420435,0.10488434,0.100236172,0.097357088
487,0.10906861,0.109040314,0.092352701,0.0952915,0.090911975,0.101950567,0.103637995,0.09895615,0.098638998,0.100151189
489,0.106260734,0.102757654,0.096983831,0.115383244,0.092715381,0.094930445,0.089463378,0.102988149,0.097223363,0.101293823
491,0.101661689,0.079239218,0.104328683,0.08730539,0.093491946,0.10889808,0.115182773,0.104152856,0.102246991,0.103492375
493,0.114500913,0.113091188,0.092661384,0.09476562,0.092300167,0.105748604,0.106430948,0.109776325,0.088882555,0.081842295
495,0.108849987,0.098369633,0.095446865,0.098936567,0.097520541,0.099714568,0.098315376,0.099315585,0.105393271,0.098137606
496,0.109851211,0.106159882,0.100805314,0.099007746,0.119609283,0.095638349,0.09566768,0.085283498,0.092436094,0.095540943
498,0.109133555,0.099498441,0.104574041,0.101373967,0.099884506,0.102415223,0.093455121,0.097507775,0.097620647,0.094536724
499,0.096785115,0.098674569,0.08810883,0.109819451,0.098080801,0.099960298,0.099530522,0.106492926,0.101469124,0.101078364
500,0.113085175,0.069615793,0.073969066,0.088949609,0.102896059,0.098406994,0.12859679,0.084045319,0.09214357,0.148291625
501,0.088717859,0.099106307,0.08320127,0.080551579,0.099836757,0.088951173,0.124494447,0.118470055,0.079603194,0.137067359
502,0.09278214,0.067273427,0.079526052,0.070476999,0.105099774,0.077584831,0.146269312,0.131701033,0.094528408,0.134758026
503,0.096735267,0.119057948,0.078949261,0.098448528,0.090652274,0.115439495,0.100730602,0.111347776,0.103024281,0.085614567
506,0.102362023,0.102585061,0.097617124,0.107442449,0.103270351,0.094451844,0.094824846,0.101627271,0.098653595,0.097165436
507,0.099274725,0.138127886,0.081488528,0.093380114,0.104309464,0.094042305,0.101093997,0.099222515,0.09543418,0.093626287
508,0.097501273,0.111236651,0.097125023,0.097085288,0.105815269,0.094070046,0.106990228,0.096237228,0.104466727,0.089472266
509,0.106312682,0.107988946,0.087313701,0.094811513,0.103205634,0.1019561,0.112264185,0.099211863,0.090715738,0.096219639
510,0.083251281,0.094059582,0.088986108,0.132791649,0.118024743,0.083142865,0.095873421,0.093041611,0.115430969,0.095397771
512,0.093312862,0.09851907,0.094820864,0.146345844,0.09510922,0.091999335,0.090950766,0.100332428,0.095403973,0.093205639
513,0.090505501,0.102818531,0.093250088,0.111044701,0.101146586,0.10956404,0.099460931,0.093376401,0.098289438,0.100543782
514,0.093549589,0.100423867,0.094104792,0.114077766,0.109906942,0.084680024,0.10281834,0.102577108,0.10235711,0.095504462
515,0.092015041,0.084902954,0.081840459,0.103298749,0.107148192,0.109796831,0.09740313,0.105605802,0.103816355,0.114172488
517,0.095357619,0.097301798,0.096469736,0.088806066,0.101765988,0.11051134,0.099946308,0.096406675,0.106986715,0.106447754
519,0.090240798,0.173868937,0.08848141,0.086782039,0.101041244,0.095889695,0.110983962,0.080275273,0.082141599,0.090295044
520,0.100897431,0.098093103,0.119498037,0.10403146,0.094966192,0.111821244,0.088199385,0.093519598,0.095716891,0.093256658
521,0.104109536,0.088604738,0.104751479,0.107623447,0.10731361,0.096202759,0.085926221,0.109975061,0.100592321,0.094900827
522,0.110044973,0.099288101,0.097984243,0.109691354,0.100016201,0.096607451,0.09470493,0.101132114,0.095967773,0.094562861
523,0.085306663,0.100069171,0.096323779,0.127551259,0.095306586,0.100005802,0.101683943,0.111501373,0.090375043,0.091876381
525,0.101473043,0.102799546,0.097773826,0.095750411,0.098817217,0.105482351,0.094927358,0.09983433,0.100133943,0.103007975
526,0.10264811,0.103141626,0.113647729,0.094300246,0.08949248,0.102958137,0.095554196,0.10274488,0.104352517,0.091160078
529,0.095674804,0.112360196,0.10103906,0.090386622,0.092767236,0.093143456,0.132794794,0.089409247,0.09809841,0.094326176
532,0.092244725,0.103717186,0.101541436,0.106390013,0.097353464,0.105616754,0.090806223,0.107038151,0.100440247,0.094851801
533,0.117465728,0.078184765,0.100693,0.09329789,0.100092821,0.117045255,0.075089875,0.095507761,0.106612152,0.116010753
534,0.100191719,0.108320143,0.09472872,0.098803905,0.10368097,0.093105952,0.096372407,0.101784348,0.09686737,0.106144465
535,0.093665578,0.098856247,0.078297389,0.084227926,0.080886517,0.114470436,0.10944777,0.10180037,0.128466845,0.109880922
539,0.097809569,0.094585309,0.109684138,0.095465445,0.105059388,0.106216657,0.093207249,0.096553064,0.090380166,0.111039016
541,0.108344596,0.099212383,0.095402851,0.095732211,0.11150943,0.100358918,0.091360027,0.105858065,0.095911274,0.096310245
543,0.104990362,0.102975054,0.103077876,0.097866009,0.103342824,0.102382318,0.103195334,0.090025931,0.093811286,0.098333005
544,0.10324261,0.10724921,0.090061935,0.100937678,0.097151676,0.090848134,0.105549653,0.110928572,0.097400616,0.096629916
545,0.100167308,0.102710351,0.089549572,0.098566759,0.095973874,0.102968532,0.099865682,0.103083077,0.104284404,0.102830442
546,0.103757507,0.102667544,0.099951819,0.095074248,0.101489191,0.104067778,0.092115874,0.110150536,0.099628486,0.091097017
549,0.100006052,0.095254649,0.096822421,0.097873911,0.105427162,0.099624094,0.100810616,0.105564436,0.102447844,0.096168814
550,0.100724288,0.095813398,0.122038478,0.091222807,0.098271933,0.108025884,0.091473417,0.102863015,0.100891246,0.088675534
552,0.088092206,0.099565254,0.076778811,0.123463876,0.078800414,0.120462137,0.113739156,0.07842857,0.093607349,0.127062227
555,0.113454176,0.100080361,0.097901607,0.092245588,0.091948722,0.101253909,0.104572002,0.102138575,0.093461274,0.102943785
556,0.106192818,0.088314098,0.097619318,0.093775244,0.096165035,0.122200268,0.098259752,0.106546653,0.094265478,0.096661336
560,0.101654818,0.09621764,0.100309553,0.097613287,0.095752952,0.091654913,0.100051383,0.108436361,0.101164306,0.107144787
